 -0.00234250218528024  0.01066619419323700  0.02141602258845767  0.03268133737284849
  0.04361077170200078  0.05425335361760523  0.06455194418992760  0.07453712426688078
  0.08440931474871977  0.09413430781861816  0.10409148736020515  0.11446374755159455
  0.12499174634845510  0.13554505370925959  0.14608386247565849  0.15682360854736366
  0.16789654707331300  0.17893575939173773  0.18991270187383252  0.20065918152145823
  0.21116148932574186  0.22171558305414252  0.23216268201676016  0.24263576126399658
  0.25312795394056120  0.26365791091381913  0.27452795736613217  0.28559033918343735
  0.29636169796792955  0.30698881839601155  0.31744443343017992  0.32813156149207534
  0.33875411476279338  0.34944823442870532  0.36023005051286061  0.37096788960873539
  0.38169393917208133  0.39240379363533334  0.40314207645976968  0.41386567453538586
  0.42480896268909174  0.43582425079568848  0.44639650908486633  0.45671514338884928
  0.46700294138265969  0.47710114455648883  0.48725287622851327  0.49745756038518069
  0.50819872342598393  0.51896349719903867  0.52912660159822589  0.53940383943528036
  0.54949887210340220  0.55949900495487459  0.56929507039702287  0.57906700236501130
  0.58911888545491675  0.59931291227907835  0.60961016662087353  0.62020112242102021
  0.63065100533236440  0.64115114487030034  0.65142787392848633  0.66177198140231952
  0.67202961900820668  0.68230531869476907  0.69260885434677011  0.70286860247377625
  0.71305968127280384  0.72320800057514678  0.73342704977731055  0.74417667224383233
  0.75539552700879398  0.76698403867648235  0.77786014636209877  0.78828700023722476
  0.79886466825242430  0.80971492606267526  0.82050564410078353  0.83129969450275898
  0.84178184638541098  0.85208625262914273  0.86216464754177380  0.87247443418349135
  0.88275633744329973  0.89320294251615873  0.90365462937843355  0.91396889651038382
  0.92377643297840784  0.93371845235133755  0.94413293582731295  0.95528343194353504
  0.96654985387733594  0.97753323094024802  0.98886893965489564  1.00000000000000000
 -0.00250357902782493  0.00952563336977356  0.01947683191579746  0.03031264357746758
  0.04121889905626235  0.05220493481535323  0.06343115291673394  0.07454303181719464
  0.08550023359734968  0.09600346534603067  0.10659972350138490  0.11725255378732982
  0.12773562786730092  0.13814967064963576  0.14875031523228113  0.15953495702764109
  0.17032757276005997  0.18088696598896706  0.19132587061411765  0.20165633877797656
  0.21196939084311398  0.22227060375052868  0.23268528637788830  0.24317753567935912
  0.25380168926905217  0.26489500193376792  0.27598509816384792  0.28726620414721077
  0.29805744417608182  0.30857626312207426  0.31883957964378729  0.32895883888118066
  0.33899899679084705  0.34875054933005079  0.35869720511762310  0.36866617322187289
  0.37902601218106524  0.38951324459040937  0.40010857665004634  0.41062308103670392
  0.42116472250542214  0.43185101599538228  0.44250648915679341  0.45307882602460675
  0.46366794929294242  0.47447698703275376  0.48484938717663673  0.49514646237630061
  0.50566671318482970  0.51616824643717762  0.52652840738858009  0.53675744365655342
  0.54742127643086014  0.55808170139801561  0.56834968356699944  0.57854317356879181
  0.58907069249957822  0.59951829084338470  0.60986420541354924  0.61988940175669882
  0.63005748348850021  0.64029386944243549  0.65087694934199158  0.66161732598006950
  0.67233329068864101  0.68300698736032672  0.69339402266845007  0.70366348886026442
  0.71397666859053344  0.72427474141373405  0.73468441373923388  0.74516922553936871
  0.75582954402317826  0.76654688782998914  0.77736576503674126  0.78821453268917530
  0.79921993105700473  0.81000457276860671  0.82092174111665261  0.83163618647397131
  0.84271317806448043  0.85336932200967064  0.86404752923384642  0.87419517119666190
  0.88474173440107973  0.89552676857381674  0.90689323446597780  0.91773438375198557
  0.92798763391487527  0.93837534011645496  0.94871763779834084  0.95912815905526672
  0.96909953587013531  0.97949429770598850  0.98980308759848623  1.00000000000000000
 -0.00297756777908607  0.01767810218888836  0.03311245570206490  0.04682815236985249
  0.05958759120731139  0.07138066582451624  0.08254252622873322  0.09336068144234616
  0.10380704709959304  0.11376026757956821  0.12338835640657082  0.13286880256342204
  0.14214907358677836  0.15122555887253383  0.16012388699993071  0.16885322496338173
  0.17735625312789599  0.18559733847463319  0.19361730299900101  0.20156188332296920
  0.20961625485210467  0.21771580438117361  0.22572284497808692  0.23356807384425760
  0.24115754730687261  0.24855494462858971  0.25581038829788544  0.26299556264937146
  0.27016150150456741  0.27714861786951306  0.28407083530327182  0.29090430215541591
  0.29762137306004494  0.30426153263934108  0.31088792601870030  0.31743974689956256
  0.32392542399074370  0.33039432953056580  0.33682828986484331  0.34321658381572406
  0.34956853196438525  0.35587317562483189  0.36214264243049860  0.36836788252480157
  0.37468169942979140  0.38099165198204088  0.38742034079048659  0.39382599869363594
  0.40019330023978461  0.40653694100234228  0.41283496681712450  0.41922831695246987
  0.42570605853972293  0.43220832915490481  0.43870191662226582  0.44515476714087227
  0.45163179116344854  0.45827764563913154  0.46507227226654174  0.47198566041906415
  0.47880517021489971  0.48552653331041551  0.49226748013895921  0.49925408113697617
  0.50629484885669718  0.51344081207695724  0.52072714036033130  0.52806103370244850
  0.53543777805754666  0.54292627383508174  0.55067354753251596  0.55871023291731914
  0.56695642500057386  0.57537105221825502  0.58395713900995250  0.59270910351469641
  0.60162895198483946  0.61067691904759647  0.61981061266645665  0.62923334206987180
  0.63900888111043919  0.64900961114236944  0.65957415312153478  0.67062126888335849
  0.68203610858964026  0.69379316332775931  0.70630665244230095  0.71985491530514767
  0.73471558422972483  0.75093484813993794  0.77001105104590006  0.79147911453027275
  0.81621096403388327  0.84644436755638774  0.89136958160497481  1.00000000000000000
 -0.01861218454584855  0.10756111996692430  0.14332566485123779  0.16587523944257163
  0.18364980243036277  0.19861431209596636  0.21181360085263784  0.22369215560173364
  0.23479237131014674  0.24521747104547564  0.25504848317541162  0.26421858921032060
  0.27298916895014685  0.28137682436544220  0.28960519678777158  0.29762033172038083
  0.30547087761287234  0.31316101358716669  0.32053793846331452  0.32772415674429856
  0.33485355835773217  0.34170254305024406  0.34854043789596778  0.35519705154394909
  0.36170594537448075  0.36816268179584971  0.37452378530472014  0.38077847785596497
  0.38693207830676607  0.39294738367379456  0.39881685133325351  0.40463541825543142
  0.41053136145369262  0.41645370826176270  0.42215799556109601  0.42769542085519113
  0.43319458611893208  0.43862471857431479  0.44406539595374017  0.44957894832758033
  0.45509514374314308  0.46062185953064494  0.46606777568811247  0.47149442840193778
  0.47696552682505705  0.48254939919366613  0.48819415086914841  0.49377997059266188
  0.49930189288356047  0.50480831755106614  0.51028432981485139  0.51577747442198685
  0.52123644400284574  0.52667706759189514  0.53211142015902324  0.53759520228532565
  0.54318342828915633  0.54888186843518660  0.55467594780008123  0.56052839651166886
  0.56646182316924032  0.57250176467353986  0.57849403252133347  0.58446711334293888
  0.59059439267360703  0.59675898143264727  0.60302740401319399  0.60924449633816347
  0.61558277580750720  0.62201650765570649  0.62848941538321468  0.63493029642201482
  0.64140689784799088  0.64800793674407531  0.65473145600835470  0.66152818830712901
  0.66855614101268956  0.67593635620953374  0.68339385407512498  0.69101778852563278
  0.69885416298623915  0.70694786357340089  0.71533490642129505  0.72395508610925430
  0.73282876823356924  0.74218040267100427  0.75206814450777049  0.76258578502756436
  0.77362998291126750  0.78555825647980770  0.79887221782804918  0.81405851024646170
  0.83146022492446303  0.85375376577957984  0.88973707571656790  1.00000000000000000
   3.1993145541392832E-008  -1.0000000000000000     
 F F F F F F F F
  <DiscreteSampler_grid>
  grouped_processes
  1 # 1 for a reference and 2 for a running grid.
  10 # Attribute 'min_bin_probing_points' of the grid.
  1 # Attribute 'grid_mode' of the grid. 1=='default',2=='initialization'
  0.0000000000000000 # Attribute 'small_contrib_threshold' of the grid.
  0.5000000000000000 # Attribute 'damping_power' of the grid.
 # binID   n_entries weight   weight_sqr   abs_weight
    10   10   3.769194710595209E+002   1.690970207101853E+005   3.769194710595209E+002
  </DiscreteSampler_grid>
