 -0.00235524885994915  0.00943524378803156  0.01959674004037408  0.03014626355388206
  0.04074096907609549  0.05113410711288688  0.06164768302120727  0.07193969667327017
  0.08226953273554304  0.09243474720771000  0.10260795428657410  0.11302537160273057
  0.12351633801060462  0.13389914144595350  0.14430669960489440  0.15497377290169054
  0.16551829641268065  0.17604383306209234  0.18648937345943370  0.19722233410669501
  0.20810537326561238  0.21857270031290832  0.22907767598717904  0.23946179092507383
  0.25017190007812867  0.26075112373107390  0.27149466193979710  0.28169220912469173
  0.29221773103894150  0.30283116534558763  0.31340254123064148  0.32381980413347283
  0.33410614359868396  0.34480123636513682  0.35539250716516352  0.36586206268771937
  0.37624680098714214  0.38682201792162058  0.39727958450864209  0.40779229012896157
  0.41815836786983251  0.42855311659878509  0.43910811047569848  0.44982036311766105
  0.46050523657957387  0.47109483310937522  0.48197242454050443  0.49279638551739469
  0.50349161226638606  0.51395296989069494  0.52470993516250652  0.53557963941531450
  0.54627880299666820  0.55694617526141754  0.56754625525416380  0.57821547547484609
  0.58860714152301474  0.59898004374380420  0.60934721988663665  0.61996605446092157
  0.63076960067485266  0.64164711859006340  0.65230350140979865  0.66288369605920761
  0.67356992706697405  0.68429058779387741  0.69501779403326291  0.70570768058254596
  0.71630396320849488  0.72676297996453842  0.73736262151125131  0.74808879033951103
  0.75871546335949169  0.76913063158412476  0.77961191735006008  0.79002848641811363
  0.80061037034315463  0.81124920608787410  0.82200209214944164  0.83264373969927363
  0.84305301580573488  0.85360489715222754  0.86386137872350466  0.87427344614594038
  0.88475522886309788  0.89560090244442403  0.90620023756810952  0.91668336199870448
  0.92710714996090238  0.93744696841682051  0.94787619178692195  0.95814320945110931
  0.96873103335965727  0.97910951826145887  0.98956602436593921  1.00000000000000000
 -0.00213160111993186  0.00952330070057733  0.01961607588368267  0.03011894464386638
  0.04069195294853523  0.05124363915968182  0.06183107926051829  0.07257514327985652
  0.08329304536887201  0.09384467648018073  0.10458878255628111  0.11549406170293504
  0.12647659952959001  0.13739199792230092  0.14815721742018195  0.15886683218023862
  0.16932137056333396  0.17971903048512472  0.19004838394462542  0.20044095280135538
  0.21093505931502801  0.22137020035748939  0.23186324342698916  0.24223030981238397
  0.25281409225230234  0.26342921183700391  0.27402309046231038  0.28444953651614596
  0.29487836282282281  0.30539030523747279  0.31575991473248133  0.32588559617814677
  0.33609540758697232  0.34663512269636704  0.35736398900875294  0.36787228879226352
  0.37862282303889333  0.38917692145555627  0.39960026950465111  0.40963255758793060
  0.41982463258400049  0.43028377469981155  0.44068393101875125  0.45117994983919268
  0.46170627356776556  0.47238865007493186  0.48295843901375007  0.49351132703343703
  0.50408973695083481  0.51481653306536834  0.52523685704939427  0.53581281133526937
  0.54630130857638270  0.55706490616582904  0.56774683359373479  0.57831434462071363
  0.58887160012649720  0.59955104082413069  0.61022636945798536  0.62087447153253028
  0.63155102498214022  0.64255499391707782  0.65346533569472043  0.66437207399585785
  0.67489020723582316  0.68542103190567194  0.69576183870472275  0.70624039024270091
  0.71654322213919619  0.72684809643453829  0.73722669102776484  0.74742886933993669
  0.75776611549853823  0.76803205209270886  0.77845194037075505  0.78874948896787611
  0.79912084063382893  0.80969391510659572  0.82018064265458379  0.83073324605411070
  0.84124799257604721  0.85193257068296235  0.86239605085974691  0.87291221782821227
  0.88329387353154831  0.89364310616732023  0.90408522184163664  0.91457766194033074
  0.92521600938329718  0.93586547444656121  0.94688062344533419  0.95776745909508632
  0.96862741689893284  0.97914241779910605  0.98969660111378588  1.00000000000000000
 -0.00366562360214055  0.02000530123527368  0.03673460280355865  0.05061857092518348
  0.06308944393546378  0.07480924795065413  0.08601544375625385  0.09677496081146469
  0.10717561758159559  0.11730672360874424  0.12714541912362376  0.13671778724858366
  0.14608158829985907  0.15524572925733404  0.16419482159167298  0.17288865649607563
  0.18135682874263478  0.18968024362786579  0.19786954570524662  0.20593542269488826
  0.21385182372984377  0.22160041625721699  0.22922081625224333  0.23673905154552835
  0.24418590729184236  0.25157810708263034  0.25882651541941709  0.26606843272730490
  0.27308789791213284  0.28000056213890628  0.28686624276753026  0.29362278677124071
  0.30026372464498569  0.30679415508751040  0.31319596325450033  0.31950796917737612
  0.32579022186779782  0.33204497460974175  0.33823503959120166  0.34440755916647292
  0.35053077279756356  0.35667401861804410  0.36288127277497906  0.36908033892323927
  0.37523747475550678  0.38132024318423635  0.38732563813399634  0.39336363466423452
  0.39940601307302059  0.40548101460447894  0.41158831275924740  0.41770714485585386
  0.42377892649908855  0.42983101515530364  0.43589952754174388  0.44208370339843733
  0.44845383913471815  0.45477783388354337  0.46118978477424061  0.46753524714995970
  0.47395550201167963  0.48048132567859186  0.48711754156069587  0.49380976570601026
  0.50051827407643501  0.50729522342786570  0.51420085624044398  0.52120500172721651
  0.52824258541125191  0.53529688523133589  0.54244800177265351  0.54975495441262245
  0.55720685714672247  0.56482812944764882  0.57263650158687485  0.58066703455928004
  0.58895198557777173  0.59745760532260506  0.60620615923721111  0.61528183726220520
  0.62467235438757174  0.63438607382291456  0.64453633418581779  0.65527540266955597
  0.66660448105658032  0.67842025026176755  0.69079031331400897  0.70397084673297161
  0.71822138691255710  0.73385602143996187  0.75097952516233391  0.77094697843242921
  0.79429919751138434  0.82389067291211115  0.87138681400877094  1.00000000000000000
 -0.02395333373416427  0.12257638207306583  0.15834998263810782  0.18005382752884941
  0.19719375261320948  0.21176836745267719  0.22460723702389887  0.23630605667197926
  0.24713017173664192  0.25727287060182996  0.26679217104765457  0.27586140760132771
  0.28456118456881707  0.29294938759396882  0.30085980201431606  0.30863762253271249
  0.31607951592597916  0.32325008049014609  0.33034352052908422  0.33715086757016804
  0.34374037824576648  0.35020933893498729  0.35654967704584428  0.36278029710567911
  0.36890714688464671  0.37500482125012169  0.38110209089214325  0.38715694522794619
  0.39310669922095365  0.39899677813032758  0.40487970346862162  0.41075023247549941
  0.41650455049157492  0.42214210029963678  0.42770530643283622  0.43323653233384518
  0.43872573552379995  0.44415577124077826  0.44954588812095830  0.45489647451884890
  0.46018597643101999  0.46542794147437772  0.47065206434749046  0.47588552947779544
  0.48114627206539895  0.48644949381838631  0.49177242279114058  0.49710284481568001
  0.50244884614860263  0.50779447699752389  0.51311747248683948  0.51844129170475228
  0.52377230593261992  0.52913194385837492  0.53451812014421807  0.53991199184178451
  0.54529563314755702  0.55069755003354182  0.55613614114637444  0.56160878214193777
  0.56710043514978603  0.57259626335162195  0.57810966045297763  0.58366565797239667
  0.58927517443448985  0.59490800623411555  0.60057615013822074  0.60634594101821648
  0.61223100068601832  0.61816281317337363  0.62414838876410461  0.63022623406589573
  0.63644343702530637  0.64282000189776256  0.64933694474322534  0.65600691058772054
  0.66276116418038611  0.66968357151031377  0.67670711557301533  0.68378715481015784
  0.69119982121463186  0.69890871701729129  0.70696405735585044  0.71534406974924591
  0.72408747385317462  0.73323270606432900  0.74292706283295318  0.75316497696956808
  0.76414078896089477  0.77593324850837264  0.78880927744246199  0.80328081294069453
  0.82038520258973602  0.84226225118689613  0.87824453570863903  1.00000000000000000
   5.8198705264702166E-009  -1.0000000000000000     
 F F F F F F F F
  <DiscreteSampler_grid>
  grouped_processes
  1 # 1 for a reference and 2 for a running grid.
  10 # Attribute 'min_bin_probing_points' of the grid.
  1 # Attribute 'grid_mode' of the grid. 1=='default',2=='initialization'
  0.0000000000000000 # Attribute 'small_contrib_threshold' of the grid.
  0.5000000000000000 # Attribute 'damping_power' of the grid.
 # binID   n_entries weight   weight_sqr   abs_weight
    10   10   3.853689338521771E+002   1.780742022528903E+005   3.853689338521771E+002
  </DiscreteSampler_grid>
