 -0.00206238116771551  0.00921173803874394  0.01874154001939472  0.02860293194493958
  0.03872714254535456  0.04905944766008941  0.05950676296165319  0.07003556788564547
  0.08067659830749770  0.09132324229807358  0.10203571605674791  0.11274004771943619
  0.12368963867287081  0.13454260578153521  0.14530305908742192  0.15614200081529109
  0.16702189563778003  0.17755436070017447  0.18785089889084844  0.19804860976096905
  0.20808350058459513  0.21827573307937070  0.22854435109355004  0.23938891120350006
  0.25033690344764825  0.26076278218360593  0.27124178507299901  0.28156105937908449
  0.29188174090131680  0.30209110937385775  0.31231232685797766  0.32276490704104521
  0.33318668770615895  0.34369157287032959  0.35416703885191669  0.36501195842408451
  0.37583985583707991  0.38692282409174167  0.39806941884035973  0.40864097948024114
  0.41930536944638946  0.42983495820299567  0.44065378746858375  0.45108985010564318
  0.46138525290559301  0.47175083507028220  0.48236206176876456  0.49311892993936202
  0.50387467877198067  0.51433220080613884  0.52472537244892548  0.53511238806807637
  0.54538701257637356  0.55566777343050866  0.56584410969676113  0.57626518274234995
  0.58690631077130673  0.59766866952553666  0.60830842573944166  0.61858815938662426
  0.62904866024934625  0.63950063846822869  0.65005751184531313  0.66074193176516827
  0.67173550409267235  0.68283972979777918  0.69403571306100154  0.70527223808210193
  0.71617357451487029  0.72695384164610655  0.73742176135458359  0.74809490873865769
  0.75858680948922097  0.76920554810110808  0.77966867497062897  0.79028663201213922
  0.80080588126825514  0.81135751805202760  0.82212165501652468  0.83293631617371355
  0.84401509247359496  0.85513227136809355  0.86605873106120601  0.87692817391778088
  0.88742381574227136  0.89793125784560035  0.90834349938255921  0.91876274895062038
  0.92919157454866153  0.93940182503918479  0.94959622740027860  0.95971737480042518
  0.96974810742609385  0.97981556247298451  0.98989187276110180  1.00000000000000000
 -0.00239440766220687  0.00980080522861558  0.02002822984663178  0.03040552308439786
  0.04099946157064012  0.05154718921424850  0.06209967889175987  0.07246725633354009
  0.08294051506513779  0.09328503930728983  0.10393757658896378  0.11433901022239770
  0.12510993915780919  0.13613225254951328  0.14725714776984178  0.15809419553763226
  0.16878552329219421  0.17952190270737972  0.19011287171920807  0.20036518729488362
  0.21064732398149738  0.22111583414321237  0.23181274832121013  0.24256083452331403
  0.25316034972363083  0.26382105043662868  0.27429601297883677  0.28481564659002068
  0.29531601342633396  0.30585607406665566  0.31633933344933568  0.32663802156617305
  0.33706975171064951  0.34773762329789348  0.35834972066139664  0.36887482642460739
  0.37955856693962103  0.39047138058181857  0.40141180537745980  0.41202662436323528
  0.42282889883320901  0.43371338432167583  0.44451671092552020  0.45518809829187140
  0.46573747623504508  0.47630322843364475  0.48710321110342591  0.49776492832517327
  0.50839870480584848  0.51884899372283932  0.52950073668738484  0.54024407875032676
  0.55064070101636575  0.56104689990704781  0.57150570465417483  0.58192076947405613
  0.59202381524609649  0.60195933250593403  0.61203705190280666  0.62209319793193651
  0.63210999697708703  0.64204185490668664  0.65253171112524688  0.66317242563266154
  0.67396124236907395  0.68460433162547185  0.69501650201621779  0.70541056188658413
  0.71630058247868023  0.72743339142723640  0.73842368211628762  0.74922991974303887
  0.76013422170684208  0.77080538655965214  0.78110922841646202  0.79130809475863950
  0.80157895102644805  0.81189302044207945  0.82219523234252956  0.83257215884366964
  0.84318632213183886  0.85395605382164841  0.86470696638138567  0.87532049943988344
  0.88598613332071607  0.89671648538404303  0.90745618914783222  0.91793265376199207
  0.92821685942394416  0.93836543825046259  0.94844311653471502  0.95841983624719806
  0.96879765880177759  0.97933452379945540  0.98978426950169762  1.00000000000000000
 -0.00293314237533736  0.01805085615387092  0.03369676387658158  0.04727495921539269
  0.05971898168967205  0.07133679414679527  0.08227549927300930  0.09280405137267632
  0.10311590855069559  0.11323952586166393  0.12307641819043472  0.13255428687299312
  0.14174934213340701  0.15066538955061548  0.15930384436179434  0.16779667217023078
  0.17629503214689962  0.18474542767991875  0.19312739692394135  0.20144982809124981
  0.20969844972055793  0.21785231896178714  0.22582101007814340  0.23358453325007811
  0.24126926436581783  0.24890174884596114  0.25627733513025514  0.26347491243898896
  0.27058631358142898  0.27761620790984071  0.28459982185875010  0.29155573731338968
  0.29831360917290550  0.30498759865087588  0.31162210080356006  0.31814630159272961
  0.32465076719531033  0.33111428338526572  0.33748720137823235  0.34381034250527609
  0.35010417824906864  0.35636595057446063  0.36268639533816460  0.36907184580969571
  0.37548676259816677  0.38192671560219998  0.38831773604902126  0.39469589801147464
  0.40109052249372595  0.40749129389058647  0.41391760504301339  0.42040687557729672
  0.42695250865241885  0.43349836281937837  0.44007123718752311  0.44670821084991585
  0.45333941113722309  0.45999895714387273  0.46671776405983822  0.47354397329748305
  0.48049332699310332  0.48737404122318384  0.49421442231081925  0.50099811966302732
  0.50786595673213530  0.51486031580161296  0.52203264703926122  0.52931367027238119
  0.53659329511994436  0.54400589771896291  0.55163228226117555  0.55946483333174879
  0.56758585997190081  0.57598970000019045  0.58457541493039222  0.59333435833484749
  0.60221139607942409  0.61116412401031839  0.62025802693833232  0.62960375255721412
  0.63939663911101408  0.64960229391047752  0.66013092725733391  0.67103894174260970
  0.68251206150542032  0.69463733998409249  0.70760133459098429  0.72162537763626411
  0.73643074505819617  0.75225571180391781  0.77010760727694982  0.79063513830328758
  0.81465479103060379  0.84490820907670583  0.88994732047289760  1.00000000000000000
 -0.01842717482550305  0.10874252375501879  0.14472741199661082  0.16695537695813054
  0.18434437821862915  0.19933201246709667  0.21272399666507225  0.22489519083648038
  0.23599630724601067  0.24639421800662045  0.25608002566431620  0.26527736095194654
  0.27401100295423159  0.28242047455828939  0.29071110029594988  0.29887573855018124
  0.30691756485704602  0.31470244083647098  0.32212805214940865  0.32936374309648542
  0.33632036507341029  0.34307128098559614  0.34972385893605629  0.35634672071123358
  0.36289917282430917  0.36939222349215145  0.37576393521520551  0.38201508512362214
  0.38818199139588710  0.39430527050105507  0.40040934673765194  0.40648327884241653
  0.41252070331528284  0.41848985269777705  0.42430680526052073  0.43010976198322509
  0.43584413420031670  0.44153368311627161  0.44720693952269902  0.45284528823413328
  0.45854744924763841  0.46423581204624126  0.46991470349478398  0.47557271963302739
  0.48117196596430961  0.48674409960253934  0.49229436869399468  0.49783074716174103
  0.50339973147085215  0.50894032151605750  0.51446972506739508  0.51997772167033296
  0.52549988866254571  0.53106782626253701  0.53667443198940035  0.54229107928300513
  0.54785194915929236  0.55334167253936561  0.55885148792296901  0.56438354899188370
  0.56999925917221261  0.57569207315069426  0.58148099318839319  0.58732864147468000
  0.59317984403108315  0.59902330167035545  0.60494067197829327  0.61102213093142510
  0.61718707261815331  0.62345277661621179  0.62983086204891081  0.63624751010156422
  0.64269396505631238  0.64932681706611339  0.65624648975349964  0.66327891230667779
  0.67041951609649597  0.67767859275069475  0.68513416627793844  0.69289448842974921
  0.70075385178405580  0.70868996378911497  0.71691294170406816  0.72546647364012073
  0.73452734199848080  0.74388276103673867  0.75372072319586336  0.76419481256163557
  0.77545100287520319  0.78762967566855624  0.80089585235038052  0.81562306489740222
  0.83266618590411545  0.85519130212412753  0.89143230653196692  1.00000000000000000
   1.1604743207750376E-008  -1.0000000000000000     
 F F F F F F F F
  <DiscreteSampler_grid>
  grouped_processes
  1 # 1 for a reference and 2 for a running grid.
  10 # Attribute 'min_bin_probing_points' of the grid.
  1 # Attribute 'grid_mode' of the grid. 1=='default',2=='initialization'
  0.0000000000000000 # Attribute 'small_contrib_threshold' of the grid.
  0.5000000000000000 # Attribute 'damping_power' of the grid.
 # binID   n_entries weight   weight_sqr   abs_weight
    10   10   3.303679245296655E+002   1.304321952840271E+005   3.303679245296655E+002
  </DiscreteSampler_grid>
